IMAGE = "hfis.ppm", 512, 512, 2
RECURSEDEPTH = 5
#LOOKAT = (6, 8.5, 13), (0, 0, 0), (0, 0, 1)
LOOKAT = (1, 3.5, 12), (0, 0, 0), (0, 0, 1)
PROJECTION = 40, 1
AMBIENT = (0.1, 0.1, 0.1)
LIGHT = (5, 5, 10), (1, 1, 1), 1, 0, 0
BACKGROUND = (0,0,0)
COLOR = (0.100000, 0.500000, 0.800000)
KA = 0.25
KD = 0.47
KS = 0.1
KT = 0.0
NI = 1.52
PHONG = 30
HERMITEFIS = (-3.0, 3.0), (-3.0, 3.0), 300, 300,
   ((-0.2, -0.2, -0.2, -0.2),  # alpha
    (-0.2, -0.2, -0.2, -0.2),
    (-0.2, -0.2, -0.2, -0.2),
    (-0.2, -0.2, -0.2, -0.2)),
   ((0.0, 1.0, 1.0, 0.0),      # f
    (1.0, 0.0, 1.5, 1.0),
    (1.0, 1.5, 0.0, 1.0),
    (0.0, 1.0, 1.0, 0.0)),
   ((0.5, 1.0, -1.0, -0.5),    # df/dx
    (0.3, 0.7, -1.2, -0.8),
    (0.0, 0.2, -0.2, -0.6),
    (-0.2, 0.0, 1.0, 1.5)),
   ((-0.1, 0.0, 0.3, 1.0),     # df/dy
    (-0.5, -0.2, -1.0, 0.3),
    (-0.2,  0.2, 0.0, -1.0),
    (0.0, -0.1, 1.0, -0.7)),
  ((0, 0, 0, 0),               # df2/dxdy
   (0, 0, 0, 0),
   (0, 0, 0, 0),
   (0, 0, 0, 0))
